3639
3556
6
3631
3571
0
3641
0
0
0
0
3632
3645
3563
3633
3638
0
0
0
3565
0
0
3509
3565
3556
3639
3629
3638
3631
3636
0
3636
0
3642
3637
3636
3633
3642
0
1665
0
1736
0
0
0
0
0
1748
1749
0
1738
0
0
0
0
0
0
1737
1748
0
0
0
0
1734
0
0
0
0
0
1740
0
1748
1732
1730
0
0
0
3644
0
3624
3620
3629
3625
3633
3618
3623
3623
3642
3625
0
3622
3621
0
0
3628
5455
7615
72
7585
71
7464
70
70
72
7389
7616
7546
7573
70
7576
7608
70
71
7583
70
70
9360
9491
9495
9507
72
9508
9496
72
9494
9409
69
9424
70
71
9359
9503
9510
9437
9522
9514
11240
11248
11387
70
11279
11399
70
11311
70
11169
70
11313
70
11287
11324
70
70
70
11393
70
7622
72
71
7598
9502
70
9344
9231
72
9297
70
9452
71
71
9501
9415
9417
9435
73
9457
11220
70
11296
11304
70
70
11281
11300
70
11383
70
70
11379
70
11155
11398
70
11393
70
11300
0
1744
0
1754
1744
1753
0
1739
0
0
0
0
0
0
1737
0
1734
0
0
0
1599
